0.826212
1.498277
1.309229
1.370804
1.315305
1.336783
1.317612
1.319188
1.298823
1.289856
1.266327
1.276933
1.322350
1.354706
1.369366
1.352629
1.347688
1.369595
1.360611
1.378885
1.351652
1.365751
1.377822
1.381260
1.362126
1.360836
1.370530
1.361710
1.351160
1.341956
1.349266
1.334185
1.329061
1.338154
1.323827
1.314401
1.341194
1.367227
1.364494
1.342239
1.331317
1.339214
1.340062
1.344906
1.351347
1.349534
1.362134
1.366239
1.352401
1.354077
1.362794
1.361847
1.362327
1.355142
1.357831
1.349523
1.348147
1.349253
1.349058
1.337612
1.334414
1.327298
1.323310
1.327039
1.331083
1.326076
1.322518
1.307336
1.324616
1.345946
1.329983
1.349204
1.348578
1.335400
1.345264
1.337142
1.322979
1.321256
1.321608
1.398787
1.498427
1.541038
1.555249
1.560574
1.575559
1.641066
1.660114
1.570979
1.561996
1.573305
1.567848
1.511766
1.497222
1.462366
1.452829
1.450337
1.477407
1.456321
1.476492
1.467371
1.488477
1.511046
1.501344
1.495261
1.474245
1.456612
1.455600
1.452225
1.443927
1.454904
1.475336
1.454425
1.437954
1.422348
1.429878
1.421065
1.426939
1.441077
1.419489
1.416948
1.421288
1.401938
1.402487
1.388298
1.380468
1.424588
1.429505
1.411231
1.395242
1.385981
1.386469
1.366587
1.372001
1.343877
1.344817
1.358791
1.337336
1.332685
1.320421
1.331268
1.311103
1.336115
1.326688
1.304083
1.322647
1.296616
1.287182
1.278593
1.254976
1.280291
1.291613
1.263865
1.346078
1.356004
1.313857
1.305979
1.289089
1.262480
1.232067
1.214527
1.196260
1.188161
1.213702
1.208892
1.177976
1.181998
1.191517
1.188364
1.203997
1.186678
1.172785
1.174564
1.187795
1.168941
1.167783
1.150908
1.177792
1.208029
1.171580
1.177847
1.210973
1.197237
1.199348
1.192686
1.226879
1.237372
1.241354
1.246878
1.299554
1.287319
1.305664
1.322736
1.295480
1.270526
1.260015
1.250696
1.242278
1.237468
1.222468
1.248328
1.242725
1.224009
1.224920
1.238092
1.225838
1.211450
1.195386
1.201520
1.156077
1.173635
1.182711
1.189698
1.183411
1.200451
1.232919
1.262144
1.256187
1.237394
1.376540
1.401829
1.529783
1.686791
1.530206
1.541204
1.632777
1.666348
1.585129
1.581569
1.561423
1.519758
1.514715
1.523476
1.549912
1.608734
1.657280
1.632225
1.641073
1.624872
1.658404
1.697534
1.688560
1.760363
1.754997
1.691889
1.672081
1.663931
1.604329
1.572851
1.607948
1.639912
1.589677
1.554214
1.562208
1.543595
1.551206
1.534863
1.547104
1.543228
1.564920
1.540664
1.533774
1.552090
1.534609
1.497149
1.479299
1.468066
1.477395
1.496946
1.489192
1.499304
1.502585
1.494901
1.487226
1.476590
1.492976
1.473213
1.454056
1.453468
1.471636
1.498604
1.483660
1.473141
1.487741
1.494467
1.493054
1.497124
1.512275
1.521396
1.507251
1.478568
1.457379
1.455222
1.486841
1.487995
1.500505
1.517134
1.509233
1.535820
1.541430
1.539554
1.525482
1.530743
1.539954
1.519300
1.505166
1.481651
1.485113
1.481823
1.502633
1.535980
1.530099
1.580279
1.570052
1.586235
1.594512
1.562825
1.562663
1.581542
1.566632
1.551271
1.539939
1.521700
1.510543
1.494245
1.505433
1.505230
1.516283
1.525681
1.506046
1.497364
1.490912
1.475921
1.445661
1.420601
1.410875
1.420746
1.428373
1.408888
1.408372
1.448322
1.490974
1.487309
1.488231
1.521345
1.549169
1.552567
1.548006
1.569015
1.552592
1.553369
1.584962
1.585183
1.587268
1.589536
1.586051
1.606341
1.602272
1.582853
1.583177
1.560816
1.552470
1.528582
1.510171
1.523715
1.518121
1.521616
1.534677
1.571637
1.588626
1.600399
1.596101
1.578399
1.582555
1.603078
1.630380
1.626428
1.625465
1.648356
1.658407
1.698836
1.683304
1.738976
1.771723
1.781377
1.772374
1.751302
1.778007
1.780522
1.820264
1.854563
1.869615
1.827921
1.854788
1.826245
1.759416
1.778004
1.783898
1.841026
1.865168
1.830112
1.839831
1.879236
1.885201
1.897962
1.887168
1.868897
1.847359
1.831210
1.800492
1.761586
1.754237
1.761155
1.754059
1.755253
1.765379
1.785866
1.799214
1.809062
1.781084
1.783636
1.798994
1.794945
1.784244
1.758050
1.764824
1.797732
1.829837
1.835894
1.848822
1.840531
1.822688
1.804319
1.810824
1.811198
1.809552
1.816941
1.805318
1.821729
1.799718
1.781526
1.792774
1.794936
1.804019
1.819958
1.803229
1.798298
1.795436
1.791933
1.798688
1.813627
1.800795
1.798500
1.788913
1.782959
1.801849
1.798152
1.793208
1.784920
1.787762
1.778236
1.789488
1.791686
1.781163
1.776609
1.763475
1.764475
1.767640
1.756673
1.771110
1.767525
1.788102
1.805438
1.796451
1.806099
1.816862
1.818293
1.813639
1.800232
1.785866
1.796832
1.801318
1.797703
1.795885
1.821193
1.844331
1.855295
1.880956
1.892592
1.865893
1.912631
1.935725
1.935261
1.953016
1.935575
1.916650
1.923302
1.936882
1.929279
1.940433
1.989191
2.041268
2.052221
2.025359
1.982984
2.002424
2.026038
1.990021
1.980882
1.979054
2.003586
2.032844
2.045330
2.020014
2.009056
2.034998
2.040049
2.034468
2.066904
2.108302
2.166081
2.183087
2.189664
2.260533
2.291429
2.256111
2.223526
2.190164
2.192587
2.218039
2.208526
2.221746
2.232358
2.232800
2.180442
2.123380
2.112110
2.133005
2.137142
2.117505
2.082984
2.080407
2.100613
2.092973
2.107434
2.091915
2.125893
2.142650
2.127284
2.131308
2.125063
2.126481
2.110344
2.119243
2.160982
2.158110
2.171981
2.172676
2.160560
2.173014
2.206424
2.221117
2.251550
2.279518
2.278214
2.266091
2.245044
2.225388
2.234848
2.261901
2.231164
2.227371
2.220180
2.242842
2.284507
2.344868
2.315367
2.332736
2.328692
2.287601
2.326095
2.355951
2.401894
2.450850
2.482025
2.455109
2.472479
2.531431
2.607438
2.622179
2.583906
2.591964
2.606632
2.583378
2.689029
2.687953
2.720382
2.658635
2.748713
2.470869
2.844583
