195.246722
198.332594
192.489771
174.201670
174.363229
179.012768
186.555538
177.297868
153.380959
156.684506
172.363529
175.634725
152.376407
162.188135
176.263021
184.625858
180.886362
155.812337
179.056148
151.817208
190.252849
165.116027
151.101099
158.728367
186.833362
179.094986
191.873741
161.167375
162.851749
191.301151
155.277883
193.049971
158.297499
174.546437
167.402736
172.699522
180.569514
183.775816
156.764826
184.888982
156.092520
153.656097
190.069047
159.919593
176.404267
166.258838
196.064631
158.251975
178.119976
158.060616
