70.645387
70.795175
69.629983
88.982436
96.241691
54.958318
55.010981
93.721557
59.254566
61.800260
73.037144
62.684193
61.086706
98.289239
84.376962
92.165751
71.969690
74.674551
71.447614
74.746481
97.347009
84.959794
85.017198
67.026373
85.981764
57.392744
85.499749
81.380371
80.314381
86.329761
53.983276
95.514938
66.228114
96.856606
73.439372
87.552156
92.668401
57.500387
93.901649
88.652748
79.094235
76.329076
68.397689
93.222704
67.009700
74.567045
85.960290
53.969175
98.732133
75.699824
88.669402
85.450585
73.906599
98.822768
56.083688
82.305423
60.287489
62.911446
59.963494
73.577289
67.096073
54.742812
57.375089
61.044666
65.353307
61.643036
71.265154
50.308566
52.411607
71.129209
84.727176
58.716361
66.305649
81.177939
51.425877
73.664116
97.254656
86.405600
88.137134
70.112006
97.827398
59.275099
51.889731
53.488554
92.983061
59.726485
59.709317
56.801565
85.888942
97.818464
52.067343
91.499801
73.458913
59.301329
85.588496
65.254236
96.729996
64.036518
67.785154
65.696724
